CBF1
16.24
18.915
20.54
16.83
17.565
17.185
16.645
16.365
17.445
17.86
17.485
20.975
18.6
20.325
20.32
20.89
18.9
19.055
20.425
20.305
20.055
19.04
21.96
21.535
21.325
21.095
20.88
20.475
20.805
20.42
23.075
20.935
21.625
21.515
21.485
20.22
20.01
20.905
16.775
19.995
19.535
21.105
20.46
20.775
20.285
20.66
21.235
21.23
20.365
22.535
21.27
21.785
21.475
20.215
20.115
20.28
19.62
20.535
19.89
19.575
19.58
21.62
21.065
20.78
20.61
20.915
21.345
20.15
20.73
20.69
20.63
22.16
21.895
20.66
19.64
21.195
18.695
18.275
21.715
19.53
20.62
21.14
20.095
20.775
20.535
21.36
21.105
20.775
21.64
21.295
22.765
23.22
21.015
21.035
20.27