CBF1
17.81
18.99
19.95
20.7908405
20.8965705
21.05841
21.3718155
20.5106375
20.6157825
21.386507
21.880634
19.97
20.21
18.385
18.385
19.17
19.635
19.805
20.055
21.7761955
21.8796605
20.81
20.265
21.98
21.345
21.97
23.2989225
23.1598765
23.269663
23.302146
23.2913035
23.562365
22.405
22.285
21.53343275
20.74
20.635
20.665
20.525
20.89
21.722111
22.146458
17.26
18.215
20.92
21.6766666667
21.38
23.6174325
23.492174
23.4773995
23.898449
23.7934655
25.136056
23.3
21.17
21.295
20.875
21.225
21.38
21.12
21.21
22.600401
23.376439
20.445
20.885
21.21
22.445992
22.83362
22.4191475
22.7019245
22.825019
23.6374835
23.164328
23.237502
21.79
21.945
20.29
19.86
20.16
20.285
20.255
20.43
21.715472
21.6967315
18.655
18.425
19.51
20.6631815
20.725809
20.178526
20.4964165
20.3050205
21.0691125
21.6014425
22.3780415
21.635
20.93
19.61
19.485
20.075
20.675
20.275
19.545
20.9566666667
21.917301