CBF1
17.545
19.83
21.49
17.98
18.085
17.89
17.58
17.805
17.67
20.82
18.725
18.14
18.645
19.095
19.15
20.57
20.775
19.525
19.575
20.825
21.14
19.42
21.625
21.225
21.275
21.275
20.7
20.595
20.92
20.895
20.38
20.69
20.62
20.38
20.805
21.41
20.555
19.85
17.255
20.87
20.415
21.04
20.995
21.16
21.555
21.535
21.335
19.725
22.21
21.42
21.855
22.24
21.565
22.57
21.55
20.99
20.235
19.12
19.13
18.96
19.4
19.57
19.615
19.715
19.465
20.265
20.785
19.81
19.565
20.56
20.37
19.895
20.6
19.505
19.525
19.885
17.68
17.97
21
19.52
18.955
19.18
19.595
19.87
20.15
19.705
20.44
20.57
20.175
21.085
20.47
20.835
20.39
20.42
20.075