CBF1
21.34
22.035
21.98
21.235
20.925
20.785
20.975
20.375
19.18
19.1
18.65
19.08
18.41
20.09
18.24
20.69
20.37
21.135
20.8
20.99
20.97
21.665
21.61
20.9
20.95
20.735
21.38
20.61
22.77
20.375
23.38
22.28
21.16
21.215
21.34
20.75
21.325
20.97
20.79
20.51
20.635
21.28
20.56
22.26
20.44
20.15
20.85
21.73
21.765
21.86
20.8
21.965
22.06
20.89
20.865
20.495
21.775
20.445
22.59
20.085
19.845
21.205
20.56
20.1
19.68
19.66
19.11
18.86
18.405
18.37
18.18
20.56
18.055
19.82
20.27