CBF1
19.17
19.535204
19.1
19.095
19.47
19.8
19.375
19.025
19.1
18.98
20.22
19.835
20.28
20.135
20.585
20.71
21.971252
22.4390965
22.532891
22.549659
22.9649915
22.58
21.1549225
21.37
21.955
22.18
22.175
22.05
21.65
21.63
21.66
22.345
23.7422485
24.0765725
23.6560435
23.415158
23.38729
23.417552
23.719347
23.325017
23.1010025
23.5275215
17.7
19.017849
20.785
22.383185
22.135
22.165
22.48
22.04
22.41
22.66
23.3
23.19
23.225
22.915
22.72
22.995
24.169214
24.503203
24.248051
24.247715
24.190919
21.04
20.820099
20.78
21.195
21.195
21.21
21.19
21.215
21.49
21.115
21.845
23.0758755
23.1641175
22.721457
22.9808615
23.139349
22.05
22.665
22.896146
22.973606
23.035965
18.425
18.5762
18.63
20.13772925
19.8
19.51
19.63
19.825
20.7575
19.9
21.475
22.4253565
23.028273
23.02104
23.168189
23.6823755
21.82
22.31
20.975
21.46
21.99