CBF1
23.97
25.66
24.65
24.775
24.11
24.5475
23.385
23.925
23.375
21.895
22.875
21.385
21.54
21.92
21.69
22.44
23.89
21.97
22.72
22.995
22.39
23.0625
22.47
23.92
23.94
23.515
23.975
22.63
22.965
22.97
23.22
23.53
24.695
24.535
22.81
22.92
21.905
22.08
21.855
22.975
22.83
22.53
22.99
21.75
22.155
22.37
22.4
22.705
23.93
21.98
21.95
22.955
23.18
23.1925
22.755
23.955
23.95
22.965
22.755
22.53
22.69
22.88
22.945
23.05
23.295
23.475
23.93
22.85
21.855
21.8
21.4
21.9
22.815
21.875
22.895
21.395
21.485
21.905
21.74
22.3